Fractional Volume Ratio
|    |  left| cranial| middle| caudal| accessory|
|:---|-----:|-------:|------:|------:|---------:|
|m1  | 0.337|   0.168|  0.124|  0.270|     0.101|
|m10 | 0.354|   0.169|  0.115|  0.275|     0.087|
|m11 | 0.336|   0.171|  0.118|  0.277|     0.099|
|m12 | 0.310|   0.191|  0.126|  0.289|     0.084|
|m13 | 0.311|   0.210|  0.134|  0.254|     0.091|
|m14 | 0.326|   0.182|  0.118|  0.286|     0.088|
|m15 | 0.338|   0.153|  0.107|  0.306|     0.097|
|m16 | 0.339|   0.167|  0.113|  0.281|     0.100|
|m17 | 0.336|   0.159|  0.121|  0.285|     0.099|
|m18 | 0.305|   0.181|  0.126|  0.274|     0.115|
|m2  | 0.322|   0.188|  0.124|  0.274|     0.093|
|m3  | 0.354|   0.172|  0.129|  0.258|     0.088|
|m4  | 0.335|   0.194|  0.122|  0.269|     0.080|
|m5  | 0.330|   0.192|  0.124|  0.269|     0.084|
|m6  | 0.323|   0.166|  0.131|  0.278|     0.102|
|m7  | 0.329|   0.164|  0.120|  0.286|     0.100|
|m8  | 0.323|   0.150|  0.124|  0.291|     0.111|
|m9  | 0.339|   0.153|  0.130|  0.280|     0.098|

Fractional Particle Deposition Ratio
|    |  left| cranial| middle| caudal| accessory|
|:---|-----:|-------:|------:|------:|---------:|
|m1  | 0.337|   0.186|  0.106|  0.278|     0.094|
|m10 | 0.353|   0.227|  0.097|  0.264|     0.059|
|m11 | 0.353|   0.181|  0.146|  0.230|     0.090|
|m12 | 0.294|   0.259|  0.118|  0.255|     0.073|
|m13 | 0.327|   0.222|  0.147|  0.223|     0.082|
|m14 | 0.373|   0.229|  0.081|  0.255|     0.063|
|m15 | 0.347|   0.249|  0.070|  0.279|     0.054|
|m16 | 0.242|   0.229|  0.132|  0.305|     0.092|
|m17 | 0.502|   0.160|  0.067|  0.194|     0.077|
|m18 | 0.288|   0.293|  0.094|  0.224|     0.101|
|m2  | 0.332|   0.201|  0.122|  0.253|     0.092|
|m3  | 0.391|   0.195|  0.123|  0.206|     0.086|
|m4  | 0.397|   0.201|  0.092|  0.244|     0.067|
|m5  | 0.435|   0.207|  0.098|  0.181|     0.079|
|m6  | 0.350|   0.188|  0.126|  0.260|     0.076|
|m7  | 0.387|   0.209|  0.096|  0.223|     0.085|
|m8  | 0.260|   0.188|  0.169|  0.280|     0.103|
|m9  | 0.364|   0.166|  0.132|  0.239|     0.100|

Angle Analysis
| sample|  TL_Angle|  TR_Angle|  LR_Angle|
|------:|---------:|---------:|---------:|
|      1| 0.2900814| 0.3091667| 0.5651592|
|      2| 0.3691048| 0.1906313| 0.5556822|
|      3| 0.3047785| 0.1558794| 0.4493981|
|      4| 0.3425689| 0.3954317| 0.6765375|
|      5| 0.2359582| 0.2521714| 0.4474066|
|      6| 1.3590463| 1.2719378| 0.6491385|
|      7| 0.3384092| 0.2271151| 0.4870972|
|      8| 0.4354825| 0.0822408| 0.5106835|
|      9| 0.0951969| 0.4230212| 0.3983139|
|     10| 0.2332689| 0.2758655| 0.4402360|
|     11| 0.1753718| 0.3639426| 0.4229448|
|     12| 0.4104528| 0.2054775| 0.5465482|
|     13| 0.5511557| 0.4286818| 0.6427981|
|     14| 0.6509176| 0.7208143| 0.4212574|
|     15| 0.4188708| 0.1782474| 0.5961528|
|     16| 0.3636254| 0.2121857| 0.5053561|
|     17| 0.1445494| 0.3922485| 0.5270119|
|     18| 0.2186476| 0.3412540| 0.5598967|